P0: 1495.468642 0.0 961.272442 0.0 0.0 1495.468642 624.89592 0.0 0.0 0.0 1.0 0.0
P1: 1495.468642 0.0 961.272442 0.0 0.0 1495.468642 624.89592 0.0 0.0 0.0 1.0 0.0
P2: 1278.17324971868 0.0 960.672237107488 0.0 0.0 1277.80015229972 627.528826051908 0.0 0.0 0.0 1.0 0.0
P3: 1495.468642 0.0 961.272442 0.0 0.0 1495.468642 624.89592 0.0 0.0 0.0 1.0 0.0
R0_rect: 1.0 0.0 0.0 0.0 1.0 0.0 0.0 0.0 1.0
Tr_velo_to_cam: 0.0323139266559332 -0.999411243920063 0.011531507717028 -0.0726701868195545 -0.0186212015473085 -0.012137528871218 -0.999752935102386 0.0224994778305891 0.999304288491253 0.0320912124896093 -0.0190024494194105 0.0626349678932064
Tr_imu_to_velo: